#! FIELDS time phi sigma_phi height biasf
#! SET multivariate false
#! SET kerneltype gaussian
#! SET min_phi -pi
#! SET max_phi pi
                      1     -2.313840814416567                   0.55      1.333333333333333                     10
                      2     -1.357559146453279                   0.55       1.31770452626625                     10
                      3     -1.926329348595456                   0.55      1.239897017764533                     10
                      4     -1.250235908624548                   0.55      1.226616806070799                     10
                      5      -1.88069130691194                   0.55       1.15009407234872                     10
                      6     -2.128658901070412                   0.55       1.12249981912482                     10
                      7     -2.498506160490531                   0.55      1.147867756681732                     10
                      8     -1.403751428928059                   0.55      1.089379812602191                     10
                      9     -1.404787966524724                   0.55      1.042629956075101                     10
                     10     -1.425986220001087                   0.55     0.9962116175966521                     10
                     11     -1.378892665093621                   0.55      0.965605299177838                     10
                     12     -1.580058083070203                   0.55     0.9056390100584655                     10
                     13     -1.340787195527237                   0.55     0.9060486575917707                     10
                     14      -1.58445476591996                   0.55      0.844870507840445                     10
                     15     -1.180831941460021                   0.55      0.895313562024161                     10
                     16     -1.132407001292068                   0.55     0.8816035932005195                     10
                     17     -1.521394183729932                   0.55     0.7740585361446503                     10
                     18     -1.239791542259231                   0.55     0.7938535833494246                     10
                     19       -2.7033605897179                   0.55      1.120317034118675                     10
                     20     -2.623363326617665                   0.55      1.041138032152136                     10
                     21     -2.625243542240568                   0.55     0.9992575972588368                     10
                     22      -2.69558906704993                   0.55     0.9849979915959791                     10
                     23     -2.642239328425247                   0.55     0.9287397105567662                     10
                     24     -2.672964552264951                   0.55     0.9048034265635428                     10
                     25     -2.667883252458508                   0.55     0.8709511745523849                     10
                     26     -2.780090969197265                   0.55      0.879060372316565                     10
                     27     -2.642707834913011                   0.55     0.8055326794752932                     10
                     28     -2.314503759641789                   0.55     0.7249936059034712                     10
                     29     -2.673206314541749                   0.55     0.7699248389697863                     10
                     30      -2.53258603650425                   0.55     0.7134432101307259                     10
                     31     -2.421305682288506                   0.55     0.6775076653155672                     10
                     32     -2.646960393051895                   0.55     0.7010923025529096                     10
                     33     -1.426915968451699                   0.55     0.6990846427333308                     10
                     34     -1.432778864580124                   0.55     0.6785509049507018                     10
                     35     -3.044810532039974                   0.55     0.8570965567405621                     10
                     36    -0.9782728724592435                   0.55     0.8353609404621213                     10
                     37     -1.314411194992015                   0.55     0.6703231689518084                     10
                     38     -1.338477091952954                   0.55     0.6465810744663494                     10
                     39     -2.857892007745753                   0.55     0.7318921579685693                     10
                     40     -2.833775661551794                   0.55     0.7006866876416695                     10
                     41     -2.791178554387282                   0.55     0.6653659703865763                     10
                     42     -2.150274020539042                   0.55     0.5800845687809663                     10
                     43     -2.039678366828019                   0.55     0.5693282521653138                     10
                     44     -1.505128052192941                   0.55     0.5846438623083746                     10
                     45     -1.672288277013342                   0.55     0.5559285038242988                     10
                     46     -2.494422045661738                   0.55      0.558690547660466                     10
                     47      -2.79406710289594                   0.55     0.6207760692462613                     10
                     48     -2.391621148794786                   0.55     0.5260921074186907                     10
                     49     -2.289027103813152                   0.55     0.5119308899157303                     10
                     50     -3.057702975860223                   0.55     0.7248969906297577                     10
                     51     -2.351628640733888                   0.55     0.4965959401953807                     10
                     52     -2.358059895918534                   0.55     0.4869516570988388                     10
                     53     -2.896265003899711                   0.55     0.6008059286104106                     10
                     54     -1.226668528311061                   0.55     0.6207460441375913                     10
                     55     -1.093027798150014                   0.55     0.6657248626466368                     10
                     56     -1.405102918765535                   0.55     0.5375604849932141                     10
                     57      -1.39658798339037                   0.55     0.5279737670351271                     10
                     58     -2.225857653992368                   0.55     0.4625536489561966                     10
                     59     -1.742920078801574                   0.55     0.4708659399691699                     10
                     60    -0.9043031312468113                   0.55      0.731550239939875                     10
                     61     -1.251444941678396                   0.55     0.5354688975150046                     10
                     62     -1.687888218135381                   0.55     0.4534126236285604                     10
                     63     -3.001239560368757                   0.55     0.6353428674794313                     10
                     64     -2.918918944660221                   0.55     0.5749557849718618                     10
                     65     -2.394102549401599                   0.55     0.4352479776244502                     10
                     66     -2.133880835711111                   0.55     0.4260917970164043                     10
                     67      -1.23698827493243                   0.55     0.5185853549208908                     10
                     68    -0.9946679876795477                   0.55     0.6225420198221233                     10
                     69     -1.269335159003382                   0.55      0.486257736175019                     10
                     70    -0.8797735782400582                   0.55     0.6701080857625915                     10
                     71     -1.478245386389684                   0.55     0.4270890474407592                     10
                     72     -1.413842840894802                   0.55     0.4284983279040654                     10
                     73     -2.441980364712284                   0.55     0.4194383441677002                     10
                     74     -1.369197224612912                   0.55     0.4277854777459919                     10
                     75     -1.695971223486695                   0.55     0.3926996785420874                     10
                     76    -0.7848221028010514                   0.55     0.6982675809682927                     10
                     77     -1.441007252724268                   0.55     0.3976850075568394                     10
                     78     -1.009268510631005                   0.55      0.527043565061783                     10
                     79     -1.358914902155767                   0.55     0.3969770153159555                     10
                     80      -1.36129938967585                   0.55     0.3903051361584381                     10
                     81     -2.185389741495128                   0.55     0.3863703158712037                     10
                     82     -2.449787876960525                   0.55     0.4006657282503308                     10
                     83     -3.014534864492969                   0.55     0.5886126387031375                     10
                     84     -2.361079648787737                   0.55     0.3808813128349949                     10
                     85     -1.016313459250589                   0.55     0.4977534625960766                     10
                     86     -1.290113807007386                   0.55     0.3880206755835523                     10
                     87     -1.484196093938932                   0.55     0.3538495427302512                     10
                     88     -1.275339743012247                   0.55     0.3803791610660654                     10
                     89     -1.283217046046662                   0.55     0.3728096773484584                     10
                     90    -0.9317488287776885                   0.55     0.5114213982854878                     10
                     91    -0.9261008470770267                   0.55     0.5044527005218867                     10
                     92     -1.049483677915749                   0.55     0.4300777625403577                     10
                     93      -1.69116590994708                   0.55     0.3279765333018601                     10
                     94    -0.7631833017417025                   0.55      0.595329864610299                     10
                     95      -2.32095016863792                   0.55     0.3638999094612788                     10
                     96     -2.900078709788816                   0.55     0.5023629534223808                     10
                     97      -2.94367698941368                   0.55     0.5145589844333317                     10
                     98     -2.914912902972952                   0.55     0.4894939333302274                     10
                     99      2.946209250497072                   0.55     0.7726558263297283                     10
                    100     -2.525868922360734                   0.55     0.3618234572632743                     10
