   0.0087140434
  -0.0029844966
   0.0142474174
   0.0145104824
   0.0101091791
   0.0135284358
   0.0108828338
   0.0202833225
   0.0189349725
   0.0096834217
  -0.0206155772
  -0.0130428642
   0.0004757201
  -0.0327478973
  -0.0392048623
  -0.0364291714
  -0.0184164256
  -0.0179029792
  -0.0407482710
  -0.0466146277
  -0.0479109323
  -0.0444459993
  -0.0257323396
  -0.0334103504
  -0.0459649788
  -0.0497075391
  -0.0499760793
  -0.0404503719
  -0.0085964724
  -0.0380188695
  -0.0461754237
  -0.0454383818
  -0.0312453934
  -0.0157729476
  -0.0226878069
  -0.0370406771
  -0.0136300182
   0.0010600642
   0.0007145265
   0.0038782538
  -0.0022489395
  -0.0200912112
  -0.0153059227
  -0.0066633189
  -0.0234193386
  -0.0168281850
   0.0086665306
  -0.0155492980
  -0.0214037040
  -0.0051920992
  -0.0125971037
  -0.0098574125
   0.0056336556
   0.0020112750
   0.0119945295
  -0.0013687216
   0.0097104853
   0.0134710435
   0.0144789019
  -0.0083802816
   0.0087917288
   0.0136243386
   0.0135771902
  -0.0066047473
   0.0093576814
   0.0111919820
   0.0051384142
   0.0156956084
   0.0157857912
   0.0113482091
   0.0163965999
   0.0182145570
   0.0159922644
   0.0100204562
   0.0218469456
   0.0124967909
   0.0168025276
   0.0174669117
   0.0149824469
   0.0178085931
   0.0137870282
   0.0170649322
   0.0174735367
   0.0178674945
   0.0137127879
   0.0147907589
   0.0130588012
   0.0151730468
   0.0162239028
   0.0147717174
   0.0090160938
   0.0288470482
   0.0203647426
   0.0392670066
   0.0322451786
   0.0099238743
   0.0312479898
   0.0389495867
   0.0265044587
   0.0329654154
   0.0293045222
   0.0182397058
   0.0152670388
   0.0078286124
   0.0118698091
   0.0124979306
   0.0117207958
   0.0083857383
   0.0059350796
   0.0089373557
   0.0074272412
   0.0145412096
   0.0046448156
  -0.0046409559
   0.0138744276
   0.0001770679
   0.0101177183
   0.0035661950
  -0.0116407169
  -0.0203051498
  -0.0271001225
  -0.0240565446
  -0.0087665710
  -0.0258789261
  -0.0339070548
  -0.0356438530
  -0.0330219573
  -0.0218950637
  -0.0160103308
  -0.0321102610
  -0.0379637190
  -0.0396369800
  -0.0380315164
  -0.0290606688
  -0.0259999208
  -0.0360210162
  -0.0396206154
  -0.0390476034
  -0.0310302668
  -0.0134762057
  -0.0101056532
  -0.0292998453
  -0.0359467775
  -0.0347727990
  -0.0242443140
  -0.0142272648
  -0.0184878420
  -0.0285962786
  -0.0074446883
   0.0002661519
   0.0009222411
   0.0029881464
  -0.0002281274
  -0.0119945187
  -0.0097023009
   0.0070989953
  -0.0035192033
  -0.0152796191
  -0.0114738471
   0.0041770239
  -0.0139814111
  -0.0136714068
  -0.0007374276
  -0.0096314965
  -0.0111032031
   0.0020526437
  -0.0035899499
  -0.0034618516
   0.0040320958
  -0.0026093118
   0.0051546993
   0.0095715256
   0.0115425286
  -0.0041635741
   0.0059676852
   0.0101084908
   0.0113821589
  -0.0186934228
   0.0010733127
   0.0083094289
   0.0103926070
   0.0113465646
  -0.0113437063
   0.0023637385
   0.0075946746
   0.0024373206
   0.0128916757
   0.0110602788
   0.0047436367
   0.0136257969
   0.0137605062
   0.0116001422
   0.0049981523
   0.0122622315
   0.0140377916
   0.0143804921
   0.0123040680
   0.0097625519
   0.0149198685
   0.0115529169
   0.0135775294
   0.0133545491
   0.0114634886
   0.0137748526
   0.0106136310
   0.0133569876
   0.0137079848
   0.0144833702
   0.0134984670
   0.0101949646
   0.0122655985
   0.0110174067
   0.0124569539
   0.0136373905
   0.0135569208
   0.0114278692
   0.0055814206
   0.0132698938
   0.0191343216
   0.0152569058
   0.0281720995
   0.0241056181
   0.0117250438
   0.0227981647
   0.0305745239
   0.0249121003
   0.0068216447
   0.0164929959
   0.0277668068
   0.0271175169
   0.0160330739
   0.0248371415
   0.0183340031
   0.0155586190
   0.0078989938
   0.0073887625
   0.0021366799
   0.0097291469
   0.0106277468
   0.0111805289
   0.0109307705
   0.0083265682
  -0.0009048192
   0.0102186409
   0.0107547967
   0.0095982922
   0.0062206454
   0.0032542006
   0.0067393701
   0.0054436219
   0.0109414748
   0.0042749720
  -0.0041515287
  -0.0009565987
   0.0103686661
   0.0046177344
   0.0047861938
  -0.0024656915
   0.0051350583
   0.0003322350
  -0.0082205975
  -0.0134998506
  -0.0207908117
  -0.0201053198
  -0.0117100096
  -0.0181391841
  -0.0263478333
  -0.0286906746
  -0.0273437294
  -0.0207096338
  -0.0098274067
  -0.0241101716
  -0.0301793909
  -0.0321788353
  -0.0313394741
  -0.0259219654
  -0.0194274999
  -0.0282418323
  -0.0319869381
  -0.0321204138
  -0.0275199528
  -0.0160276557
  -0.0070159045
  -0.0229768841
  -0.0290003685
  -0.0277030656
  -0.0184809862
  -0.0103694828
  -0.0138437914
  -0.0225186644
  -0.0037281682
   0.0017152218
   0.0021204960
   0.0042262362
  -0.0071497824
  -0.0058841972
   0.0057302787
  -0.0051276677
  -0.0105189868
  -0.0058805567
   0.0056976754
  -0.0029821061
  -0.0100282544
  -0.0078037134
   0.0027016062
  -0.0069151082
  -0.0056594968
   0.0051146167
  -0.0022511176
   0.0006035703
   0.0039704387
   0.0015734139
   0.0066053263
   0.0092143838
  -0.0102610533
   0.0015100278
   0.0067388439
   0.0089983005
   0.0101083792
  -0.0047765565
   0.0041529683
   0.0076884617
   0.0090687191
  -0.0136604610
   0.0002784639
   0.0058286422
   0.0007514190
   0.0107400596
   0.0080992283
   0.0003987243
   0.0113866205
   0.0116489601
   0.0109695940
   0.0081566616
   0.0006771831
   0.0110658060
   0.0118787486
   0.0113346206
   0.0090121812
   0.0095281721
   0.0110204889
   0.0105770835
   0.0089108098
   0.0110421273
   0.0078986465
   0.0105921203
   0.0111350449
   0.0118985988
   0.0109456532
   0.0076801847
   0.0097171216
   0.0085458555
   0.0098605447
   0.0111482069
   0.0116544133
   0.0109894127
   0.0083117416
   0.0017045635
   0.0146836080
   0.0113267385
   0.0219557385
   0.0186621533
   0.0089197729
   0.0184319671
   0.0237372376
   0.0189006656
   0.0046921149
   0.0144625116
   0.0221395575
   0.0204723394
   0.0113388962
   0.0112218069
   0.0197009064
   0.0125635953
   0.0114798303
   0.0010566531
   0.0051911686
   0.0078222725
   0.0092359006
   0.0100057096
   0.0089419837
   0.0053571436
   0.0087792301
   0.0091301860
   0.0096730852
   0.0089536834
   0.0086520026
   0.0077778553
  -0.0016758019
   0.0044898533
   0.0065177665
   0.0014488019
   0.0042642226
   0.0034966944
  -0.0015614508
   0.0006464312
   0.0074701872
   0.0035284085
   0.0014266035
  -0.0035939071
   0.0022230718
  -0.0013716238
  -0.0071312875
  -0.0138446427
  -0.0144438063
  -0.0098007884
  -0.0102787366
  -0.0185408181
  -0.0213844896
  -0.0208311488
  -0.0165965251
   0.0002437804
  -0.0145425169
  -0.0216750285
  -0.0247787939
  -0.0254771439
  -0.0239374637
  -0.0190868260
  -0.0100527704
  -0.0197950325
  -0.0248669526
  -0.0269107889
  -0.0267097899
  -0.0236724072
  -0.0160294631
  -0.0162007020
  -0.0225559389
  -0.0258345061
  -0.0264005762
  -0.0239795219
  -0.0176910506
  -0.0082262183
  -0.0185374914
  -0.0232934107
  -0.0221063527
  -0.0150938120
  -0.0093678801
  -0.0117607279
  -0.0180952230
  -0.0015023102
   0.0014526623
   0.0020132675
   0.0036296401
  -0.0038309421
  -0.0034048424
   0.0102012714
   0.0048621571
  -0.0047779051
  -0.0066328402
  -0.0028340260
   0.0042802997
  -0.0041744258
  -0.0071894028
  -0.0044167920
   0.0031727626
  -0.0050362512
  -0.0055038929
  -0.0006292802
   0.0085971125
  -0.0031723617
  -0.0012919476
   0.0065675282
   0.0003377779
   0.0030248930
   0.0035278715
   0.0058304744
  -0.0009080231
   0.0043167831
   0.0070311523
   0.0085542301
  -0.0033750665
   0.0031616701
   0.0063179575
   0.0078795637
  -0.0061675167
   0.0019878720
   0.0055856175
   0.0073335116
  -0.0011741024
   0.0040561207
   0.0065608999
   0.0101038441
   0.0096043188
   0.0080677530
   0.0041673816
   0.0099793768
   0.0100484080
   0.0091903959
   0.0067556008
   0.0092899557
   0.0098636812
   0.0094414899
   0.0079046144
   0.0077990947
   0.0089025543
   0.0084465735
   0.0069326990
   0.0090726211
   0.0066934583
   0.0086386435
   0.0093451560
   0.0099582909
   0.0091373598
   0.0066460077
   0.0076782867
   0.0075214178
   0.0086777752
   0.0097176795
   0.0100832720
   0.0094501808
   0.0072003160
   0.0023477098
   0.0098966244
   0.0101035421
   0.0095977806
   0.0103531747
   0.0162705510
   0.0138912398
   0.0071714194
   0.0133701908
   0.0187640371
   0.0155423456
   0.0067871541
   0.0119521585
   0.0175238517
   0.0180011224
   0.0130192228
   0.0128958891
   0.0176866765
   0.0140653201
   0.0050765380
   0.0144585340
   0.0073350713
