   0.0273347916
   0.0285184097
   0.0215037759
   0.0309774160
   0.0090127558
   0.0087684010
   0.0113726313
   0.0096052836
   0.0247052994
   0.0139812776
   0.0288443437
   0.0184934357
   0.0114333339
  -0.0091839808
  -0.0214133125
  -0.0172952816
  -0.0332651101
  -0.0203019885
  -0.0322791586
  -0.0330144151
  -0.0047078822
  -0.0347243918
  -0.0183950782
  -0.0097167056
  -0.0256641030
  -0.0167012139
  -0.0126558747
   0.0041977602
   0.0055024256
   0.0188809815
   0.0027398267
   0.0097804470
  -0.0022321130
   0.0018938152
   0.0023948218
   0.0166437161
   0.0054704545
   0.0076445476
   0.0090808787
   0.0014495531
   0.0053176281
  -0.0014722527
  -0.0046613705
   0.0148572768
   0.0048479361
  -0.0024794665
   0.0074811524
  -0.0250901562
  -0.0290102919
  -0.0401754264
  -0.0339655792
  -0.0423474444
  -0.0465458293
  -0.0387337238
  -0.0414529765
  -0.0473491225
  -0.0462111456
  -0.0406149691
  -0.0457231205
  -0.0401097763
  -0.0229655050
  -0.0376232152
  -0.0325158977
  -0.0205704280
   0.0012240636
  -0.0005952339
   0.0132143552
   0.0008859147
   0.0032791317
   0.0197039685
   0.0037286755
   0.0056506357
   0.0165780053
  -0.0035316882
   0.0196860969
  -0.0007172612
   0.0095734670
  -0.0291402488
  -0.0378754940
  -0.0465871539
  -0.0368448723
  -0.0513776382
  -0.0537449791
  -0.0496261403
  -0.0448548520
  -0.0541955134
  -0.0553010183
  -0.0528319290
  -0.0399748166
  -0.0497710782
  -0.0525903094
  -0.0477121305
  -0.0345868814
  -0.0433967370
  -0.0304491660
  -0.0222174008
   0.0040265119
   0.0032652131
   0.0134252172
   0.0029449937
   0.0026492273
   0.0047247076
   0.0096170389
   0.0003668967
   0.0094642945
   0.0119608212
   0.0029812242
   0.0035206565
  -0.0022170139
  -0.0017354275
   0.0041915877
   0.0056129249
   0.0035828821
  -0.0378041011
   0.0028668011
  -0.0009014684
  -0.0029601816
   0.0296242602
   0.0353349896
   0.0315790601
   0.0303213432
   0.0496567675
   0.0366854886
   0.0320621722
   0.0300939146
   0.0375173865
   0.0307095936
   0.0375895922
   0.0222113467
   0.0028637408
   0.0274078910
   0.0205685458
   0.0096328576
  -0.0082834293
  -0.0026521043
   0.0233085830
   0.0175534129
   0.0120249608
   0.0179932302
   0.0246612003
   0.0200832585
   0.0183631000
   0.0222487020
   0.0150800470
   0.0072972064
   0.0165003955
   0.0226896190
   0.0258189310
   0.0198243248
   0.0069564083
  -0.0188772404
   0.0050110872
   0.0365475028
   0.0255946150
   0.0440322917
   0.0252039974
   0.0360205725
   0.0441867094
   0.0260263729
   0.0365762476
   0.0371494115
   0.0272772717
  -0.0097338762
   0.0021773794
   0.0103028565
   0.0048204126
  -0.0170429903
   0.0101932992
   0.0046869761
  -0.0190668122
   0.0012779174
   0.0056884652
   0.0055504792
   0.0024400261
  -0.0032552888
   0.0063518150
   0.0070998778
  -0.0148846629
   0.0022303306
   0.0083146155
   0.0081563662
  -0.0238098137
   0.0009633968
  -0.0248087936
  -0.0003497721
  -0.0258993690
  -0.0096743984
   0.0033994515
   0.0085994908
   0.0052320456
   0.0041501548
   0.0010706800
   0.0073398297
   0.0067009539
   0.0065093570
   0.0026681559
   0.0008669406
   0.0022264381
   0.0026498765
  -0.0041470696
   0.0009130726
   0.0031188829
   0.0033563822
  -0.0027093085
  -0.0187335772
  -0.0066476197
  -0.0378385662
   0.0043599010
  -0.0055914170
  -0.0330140701
   0.0022332878
   0.0034124450
  -0.0019493245
  -0.0188122436
   0.0009372278
   0.0018161668
   0.0026270832
  -0.0050471808
   0.0014896316
   0.0023006311
  -0.0211015644
  -0.0041571889
  -0.0228953147
  -0.0013823298
   0.0043586951
  -0.0265720308
  -0.0023857292
   0.0036612871
  -0.0068286286
   0.0224111973
   0.0246991959
   0.0320846494
   0.0233187701
   0.0177061556
   0.0238074335
   0.0252547968
   0.0086446724
   0.0075277946
   0.0108880911
   0.0074607626
   0.0188561408
   0.0102421988
   0.0334358148
   0.0141232365
   0.0220128218
   0.0134823896
   0.0090704983
  -0.0053912577
  -0.0132498120
  -0.0103119481
  -0.0210187584
  -0.0129029489
  -0.0233621888
  -0.0192895355
   0.0025359155
  -0.0240210228
  -0.0189625603
  -0.0151280981
  -0.0222777497
  -0.0114103942
  -0.0073069868
  -0.0162359730
  -0.0100525652
  -0.0075508196
   0.0026699940
   0.0028806893
   0.0107735977
   0.0006675218
   0.0056718419
  -0.0034321264
   0.0006648126
   0.0027903925
   0.0096234506
   0.0037431372
   0.0054841657
   0.0053877084
   0.0024503069
   0.0015857138
  -0.0019165561
  -0.0056834443
   0.0084749099
   0.0030233676
  -0.0034369805
   0.0035995030
  -0.0179499358
  -0.0196844808
  -0.0289560903
  -0.0245125127
  -0.0305492900
  -0.0349017142
  -0.0287058748
  -0.0287749367
  -0.0360923735
  -0.0363243623
  -0.0277169549
  -0.0356035989
  -0.0362430435
  -0.0279410220
  -0.0338268852
  -0.0295692726
  -0.0137069174
  -0.0262534258
  -0.0230376702
  -0.0140682170
   0.0009846521
  -0.0025907221
   0.0078057754
  -0.0011334156
   0.0005966157
   0.0110441457
   0.0030739368
   0.0012863887
   0.0093509505
  -0.0045490016
  -0.0022788215
  -0.0126997206
   0.0045788930
  -0.0215190960
  -0.0273004483
  -0.0347130874
  -0.0267991685
  -0.0385915257
  -0.0416479944
  -0.0371042837
  -0.0403624006
  -0.0442098452
  -0.0435755210
  -0.0378050314
  -0.0396078533
  -0.0437426262
  -0.0430671005
  -0.0368886709
  -0.0369613344
  -0.0400825414
  -0.0343638566
  -0.0246581208
  -0.0315355454
  -0.0208937130
  -0.0160678409
   0.0032924241
   0.0016505805
   0.0076695510
  -0.0002163204
   0.0024026991
   0.0024153932
   0.0072961954
   0.0080998592
   0.0074233467
   0.0085655201
   0.0063221081
   0.0002989422
   0.0015822580
  -0.0033245449
   0.0010332779
   0.0026736299
   0.0018954718
   0.0021745080
  -0.0036745526
   0.0256959715
   0.0288700005
   0.0267057236
   0.0257061070
   0.0376392169
   0.0302757787
   0.0274706527
   0.0258066828
   0.0381708261
   0.0309711883
   0.0273012276
   0.0255847129
   0.0399488942
   0.0313246044
   0.0264855422
   0.0306302592
   0.0198479439
   0.0105884709
  -0.0047153561
   0.0224642022
   0.0174615925
   0.0101345058
  -0.0007082689
  -0.0057646511
   0.0193818316
   0.0150885914
   0.0100436078
   0.0118760959
   0.0170081021
   0.0208528275
   0.0162852674
   0.0143569888
   0.0179842084
   0.0129626558
   0.0059801759
   0.0091809808
   0.0152291823
   0.0189531129
   0.0210346212
   0.0163789304
   0.0077039255
  -0.0077227070
   0.0196823708
   0.0105162704
  -0.0068080506
   0.0296198003
   0.0220912891
   0.0363653757
   0.0214492833
   0.0296244004
   0.0392170332
   0.0156673343
   0.0260020548
   0.0325103825
   0.0365103036
   0.0083605195
   0.0224791161
   0.0302876177
   0.0301177727
   0.0234504347
  -0.0012072520
   0.0059421137
  -0.0000559055
   0.0079226491
   0.0043544800
  -0.0055506564
   0.0057624323
  -0.0006667275
   0.0041389188
  -0.0029397808
   0.0029521952
   0.0035236901
   0.0016933871
  -0.0046165128
  -0.0001051571
   0.0045415419
   0.0043972734
  -0.0207931427
  -0.0051140205
   0.0030942213
   0.0058548145
   0.0049101111
  -0.0099097504
   0.0014028672
   0.0065007623
  -0.0300982994
  -0.0087520320
   0.0014566577
   0.0067463801
  -0.0126972410
  -0.0023561855
   0.0039270418
   0.0061586472
   0.0032413468
   0.0028254008
  -0.0006498857
   0.0021666671
   0.0050959587
   0.0041241918
   0.0039011249
   0.0002911605
  -0.0004857482
   0.0000150788
   0.0009586125
  -0.0022968246
  -0.0046794981
  -0.0001543031
  -0.0001089861
   0.0014066915
  -0.0009653743
  -0.0083716587
  -0.0203885609
   0.0016627572
  -0.0040139745
  -0.0164690884
   0.0012907487
  -0.0033930761
  -0.0148993690
  -0.0007269026
   0.0012651013
  -0.0006830622
  -0.0082176864
  -0.0224018194
  -0.0004990295
  -0.0003604408
   0.0008234530
  -0.0025720978
  -0.0052125255
   0.0003766618
   0.0000871301
  -0.0168181927
  -0.0076013772
  -0.0239091829
  -0.0059924204
   0.0003953443
  -0.0120106060
  -0.0016978995
   0.0022019111
  -0.0077386344
  -0.0005363830
  -0.0105982677
   0.0187865154
   0.0208999639
   0.0250752934
   0.0233418050
   0.0194545576
   0.0205733228
   0.0157593846
   0.0074073611
  -0.0112466919
   0.0201485927
   0.0223789496
   0.0212380349
   0.0080046735
   0.0069405804
   0.0100779900
   0.0064379382
   0.0151921766
   0.0083156664
   0.0257328817
   0.0101755207
   0.0209338217
   0.0066404876
   0.0287865815
   0.0176499730
   0.0107583198
   0.0078338078
  -0.0028588878
  -0.0081887499
  -0.0058289831
  -0.0078509288
  -0.0133955662
  -0.0078682051
  -0.0153276992
  -0.0125809287
  -0.0165451444
  -0.0073484963
  -0.0161230348
  -0.0121555941
  -0.0105992514
  -0.0143958295
  -0.0067547047
  -0.0050233598
  -0.0102699260
  -0.0056555086
  -0.0041769609
   0.0021155083
   0.0025407052
   0.0067370934
   0.0002573591
   0.0037838966
  -0.0029293499
   0.0005258420
   0.0029013301
   0.0061278558
   0.0035754603
   0.0047525484
   0.0038056042
   0.0030620240
   0.0000018447
  -0.0016121376
  -0.0053321623
   0.0025828050
  -0.0076879300
  -0.0033238922
   0.0019292220
  -0.0131183400
  -0.0132472679
  -0.0220151843
  -0.0185355909
  -0.0217579368
  -0.0271550729
  -0.0244429839
  -0.0193156694
  -0.0275831892
  -0.0290973531
  -0.0180796486
  -0.0270122811
  -0.0289187024
  -0.0236688330
  -0.0187195778
  -0.0259116210
  -0.0245793110
  -0.0194390167
  -0.0173433783
  -0.0097253360
   0.0003566637
   0.0047163984
  -0.0006412081
   0.0067456273
   0.0020993565
  -0.0007486412
   0.0054182133
  -0.0045835224
  -0.0027813905
  -0.0091741440
   0.0020308119
  -0.0163749401
  -0.0206346442
  -0.0274424647
  -0.0203140965
  -0.0267287224
  -0.0332817510
  -0.0326619020
  -0.0247657850
  -0.0286187227
  -0.0350442471
  -0.0362454397
  -0.0336781322
  -0.0345731773
  -0.0358028066
  -0.0330354047
  -0.0253625891
  -0.0319326583
  -0.0308736687
  -0.0187267428
  -0.0246507708
  -0.0120233765
   0.0023155309
   0.0011031669
   0.0048139855
  -0.0009454195
   0.0018605342
   0.0014971115
   0.0007504304
  -0.0056583211
   0.0054167184
  -0.0130274226
  -0.0008191168
   0.0042770848
   0.0059832660
   0.0053452674
   0.0057184087
   0.0040821783
  -0.0004612587
   0.0007745513
  -0.0034287859
  -0.0004925031
   0.0005254462
   0.0003124761
   0.0008490837
  -0.0005725049
  -0.0061093241
  -0.0204363489
   0.0000250059
  -0.0037445400
   0.0228650331
   0.0256366023
   0.0234880846
   0.0320386358
   0.0263534453
   0.0240476822
   0.0225683170
   0.0326629049
   0.0269323298
   0.0239703781
   0.0224742788
   0.0338739386
   0.0272151708
   0.0234772751
   0.0272160949
   0.0096774131
  -0.0028925144
   0.0201746420
   0.0153235449
   0.0089468909
  -0.0004063341
  -0.0093164786
   0.0169118791
   0.0122586975
   0.0072206476
   0.0092530411
   0.0146070238
   0.0187267287
   0.0136476715
   0.0116207111
   0.0153494267
   0.0100925603
   0.0031438336
   0.0065586718
   0.0127257094
   0.0166078091
   0.0186451341
   0.0142263873
   0.0069599391
  -0.0057529095
   0.0097021174
  -0.0041400316
   0.0256938481
   0.0183671197
   0.0319730427
   0.0078316128
   0.0191604802
   0.0258523993
   0.0346134917
   0.0145843405
   0.0226991002
   0.0282953347
   0.0320212651
   0.0094293351
   0.0199732314
   0.0263516331
   0.0260813975
   0.0195561827
  -0.0019787427
   0.0033511183
  -0.0031302380
   0.0052494102
   0.0013384955
  -0.0090926415
   0.0030845963
  -0.0039985280
  -0.0037400149
   0.0012970633
   0.0022154561
   0.0004481324
  -0.0062281887
  -0.0019298037
   0.0027355815
   0.0029208180
  -0.0129135979
  -0.0022886250
   0.0028381142
   0.0043480907
  -0.0205066214
  -0.0049427116
   0.0022804181
  -0.0179592587
  -0.0045844423
   0.0022878273
  -0.0176833473
  -0.0084303864
  -0.0007166707
   0.0034022506
   0.0047097539
   0.0018998430
   0.0015753371
  -0.0022734752
   0.0003177501
   0.0033724124
   0.0027498740
   0.0023047632
  -0.0010780943
  -0.0015365177
  -0.0011699374
  -0.0005299415
  -0.0038083107
  -0.0059359892
  -0.0011277712
   0.0000845634
  -0.0010108410
  -0.0056673848
  -0.0147463277
  -0.0024701939
  -0.0104196307
  -0.0273365297
   0.0005986302
  -0.0023039691
  -0.0094158306
  -0.0255199433
  -0.0001979246
  -0.0009158557
  -0.0054027550
  -0.0151846523
  -0.0014740816
  -0.0015008825
  -0.0006402602
  -0.0040326165
  -0.0063336276
  -0.0003239036
  -0.0011595762
  -0.0080522948
  -0.0089766060
  -0.0019984034
  -0.0153893103
  -0.0045413350
  -0.0001544541
  -0.0108706780
  -0.0028873869
  -0.0107725594
   0.0158493944
   0.0202716407
   0.0196360149
   0.0196865752
   0.0167261859
   0.0176663103
   0.0135330989
   0.0066565563
  -0.0076047020
   0.0180428561
   0.0140013069
   0.0175577634
   0.0192061681
   0.0244206103
   0.0180643276
   0.0072123458
   0.0101168114
   0.0063715176
   0.0091220220
   0.0057870351
   0.0126065142
   0.0071305942
   0.0205494628
   0.0080634387
   0.0164160707
   0.0077235866
   0.0229184648
   0.0106056997
   0.0145683160
   0.0057886506
   0.0090376671
   0.0069999206
  -0.0012359785
  -0.0050191261
  -0.0030110498
  -0.0052646927
  -0.0085688216
  -0.0045293423
  -0.0105875117
  -0.0065722692
  -0.0100192088
  -0.0105052118
  -0.0020858284
  -0.0103699779
  -0.0104612217
  -0.0015002176
  -0.0110318836
  -0.0058668575
  -0.0073282822
  -0.0093230904
  -0.0036761886
  -0.0032827509
  -0.0064485490
  -0.0028237646
  -0.0020032438
   0.0017981344
   0.0025920626
   0.0002350491
   0.0026985134
   0.0006534016
   0.0027157556
   0.0040418555
   0.0035513632
   0.0043383281
   0.0028813129
   0.0032530295
  -0.0006826655
  -0.0012147896
  -0.0047081257
   0.0024793053
  -0.0050830112
  -0.0029408376
   0.0011723868
  -0.0098141380
  -0.0093539302
  -0.0163203319
  -0.0140964611
  -0.0151137261
  -0.0203954159
  -0.0200094964
  -0.0125390124
  -0.0207438952
  -0.0230730001
  -0.0201871818
  -0.0195315887
  -0.0232754047
  -0.0228411686
  -0.0196106358
  -0.0225920712
  -0.0205971833
  -0.0114346321
  -0.0187230780
  -0.0194653330
  -0.0151370158
  -0.0137762754
  -0.0128137277
  -0.0068052308
  -0.0003168070
   0.0027447635
  -0.0013310528
   0.0043137892
   0.0011744837
  -0.0017365047
   0.0030416431
  -0.0043635450
  -0.0029225888
  -0.0070248746
   0.0006290769
  -0.0128626347
  -0.0159626764
  -0.0212215773
  -0.0157236449
  -0.0247956233
  -0.0266847111
  -0.0238608491
  -0.0265658458
  -0.0294502269
  -0.0288963683
  -0.0246438455
  -0.0281228810
  -0.0302081657
  -0.0296445366
  -0.0261977751
  -0.0257821401
  -0.0287531366
  -0.0280282649
  -0.0231951557
  -0.0234873121
  -0.0250729460
  -0.0213063011
  -0.0142914494
  -0.0186323461
   0.0013930055
   0.0007981167
   0.0031544062
   0.0012891523
   0.0009747476
   0.0002788070
  -0.0038896089
   0.0034289406
  -0.0070208441
   0.0004277863
   0.0035237974
   0.0043510952
   0.0008976587
   0.0036593321
   0.0044790084
   0.0039889808
   0.0035794650
   0.0026842167
  -0.0006109830
   0.0003295588
  -0.0033220857
  -0.0107344466
  -0.0049257105
  -0.0011724180
  -0.0005027334
  -0.0003548210
  -0.0009065932
  -0.0039912759
  -0.0118221754
  -0.0005177342
  -0.0008132884
  -0.0017822716
  -0.0063827793
  -0.0036634117
   0.0207438195
   0.0270235364
   0.0229929084
   0.0211967433
   0.0199513692
   0.0276376034
   0.0234693655
   0.0213874204
   0.0200261753
   0.0282139699
   0.0237788319
   0.0212318772
   0.0288487311
   0.0238986362
   0.0209638987
   0.0236943555
  -0.0029191326
   0.0152821179
   0.0093699392
   0.0009897663
   0.0172665540
   0.0131148183
   0.0078075545
   0.0008278385
  -0.0045507976
   0.0145556442
   0.0104400312
   0.0064580100
   0.0080612335
   0.0126373488
   0.0160991161
   0.0116777630
   0.0096275640
   0.0128771921
   0.0082808563
   0.0029215715
   0.0055086586
   0.0107261097
   0.0140208538
   0.0157149663
   0.0118117775
   0.0056710486
  -0.0039527151
   0.0146026382
   0.0086730659
  -0.0009503282
   0.0270074555
   0.0157493064
   0.0217448556
   0.0304002521
   0.0134795200
   0.0199229246
   0.0247607009
   0.0303550606
   0.0138791445
   0.0201753647
   0.0249096684
   0.0270638136
   0.0166212071
   0.0222542131
   0.0219609795
   0.0164079598
   0.0021526527
  -0.0030644332
   0.0031984750
  -0.0007860574
   0.0030998569
  -0.0010038333
   0.0017212267
  -0.0040966113
  -0.0034445896
   0.0002350601
   0.0013611417
  -0.0004063067
  -0.0054098744
  -0.0024671922
   0.0013651641
   0.0018693169
  -0.0107856131
  -0.0027835346
   0.0014874020
   0.0029072242
   0.0020797124
  -0.0102599114
  -0.0019833558
   0.0022181378
  -0.0128921168
  -0.0082912797
  -0.0013453943
   0.0025344134
  -0.0122501467
  -0.0067775758
  -0.0011458388
   0.0021555660
   0.0032176690
   0.0012072851
   0.0007564568
  -0.0021791597
  -0.0004215328
   0.0020815233
   0.0018484732
   0.0012573688
  -0.0019090306
  -0.0019361961
  -0.0017659106
  -0.0015286967
  -0.0040983859
  -0.0054053289
  -0.0018251777
  -0.0009611964
  -0.0018531411
  -0.0054740399
  -0.0118418872
  -0.0017740345
  -0.0059937091
  -0.0142629686
  -0.0067919655
  -0.0176342816
  -0.0005437754
  -0.0017590072
  -0.0055698097
  -0.0135985646
  -0.0011803538
  -0.0018205700
  -0.0053834434
  -0.0123382003
  -0.0018120010
  -0.0020003675
  -0.0016201838
  -0.0042604352
  -0.0055497774
  -0.0010712784
  -0.0018982922
  -0.0075234163
  -0.0087421624
  -0.0029627129
  -0.0164674891
  -0.0064229205
  -0.0019010069
  -0.0178138751
  -0.0069777756
  -0.0022090759
  -0.0107401994
  -0.0039044831
  -0.0098142442
